l = [1 2 3 0; 4 5 6 9; 7 8 9 5]


